11705
11832
11843
11847
14453
14466
1840
18680
1870
20873
21292
23373
26299
28498
28546
30414
30911
32650
32675
33517
39590
39707
40608
41354
43005
47146
47177
49399
49416
49429
49540
49618
54767
54773
54806
54830
58908
58930
58981
59115
59154
59193
59198
59200
59210
59211
59218
59228
59259
59264
59291
59300
59311
59364
59385
59413
59415
59458
59490
59518
59558
59559
59574
59632
59666
61398
61429
61455
61532
61577
61578
61594
61607
61615
61647
61654
61656
61671
61672
61677
61692
61693
61707
61708
61726
61729
61739
61740
61741
61746
61754
61755
61756
61759
61772
61785
61790
61793
61794
61800
61802
61811
61824
61830
61831
61838
61851
61857
61866
61869
61877
61878
61884
61894
61895
61900
61904
61909
61918
61922
61924
61929
61935
61945
61958
61961
61962
61965
61972
61979
61982
61997
62001
62013
62021
62024
62025
62028
62033
62049
62052
62054
62055
62057
62058
62062
62066
62067
62073
62075
62076
62084
62087
62091
62093
62094
62096
62104
62106
62115
62121
62122
62126
62136
62140
62144
62146
62147
62151
62153
62154
62155
62163
62170
62171
62172
62182
62195
62197
62204
62266
62268
62275
62284
62289
62292
62294
62295
62301
62306
62308
62310
62311
62312
62316
62325
62326
62328
62329
62334
62342
62347
62352
62369
62371
62373
62381
62394
62397
62399
62403
62405
62408
62411
62414
62423
62454
62461
62464
62468
62472
62476
62478
62490
62501
62527
62536
62564
62567
62568
62574
62578
62596
62599
62600
62601
62602
62603
62617
62648
62667
62685
62690
62692
62694
62708
62712
8377
8482
9403